268.0210266  303.576416      321.7779236  252.7671356
310.8042603  166.5038452      343.5434265  159.8638
106.6277847  389.1663818      227.3749847  316.5097656
108.7121506  387.6061096      228.5567322  314.9550781
148.0956573  361.2691345      249.8560028  296.0542297
453.4110413  398.8991089      227.3749847  316.5097656
440.0900574  184.1009521      427.2858276  162.6360168
302.410675  266.8305969      341.6566162  226.2212677
260.0160217  135.4263306      311.2306213  144.2369843
174.5230865  262.131134      263.4373169  230.9864197
445.1669617  256.538269      428.0498962  187.9754028
438.4884033  222.9141693      428.0498962  187.9754028
107.3909683  175.6323547      222.8057251  179.8193359
319.1329041  284.219696      352.5979919  236.9858398
289.4957581  195.5646362      330.6885681  180.2528229
299.1837769  156.4403839      13.18069458  305.2025146
239.6815948  357.5927124      305.4736633  290.0917664
101.4626389  119.7657776      218.1490784  146.2162018
