0  117.5130997  62.34123611  202.841095  36.29648209
1  84.06044006  67.55551147  169.5350189  26.80556679
2  80.27194214  111.0672302  147.9641113  64.5475769
3  342.6855164  199.8661346  63.4621048  68.28819275
4  302.6676636  226.6687317  300.4017639  263.6835022
5  101.5870972  63.0242424  187.8421478  29.56011963
6  153.4119415  91.05652618  222.968277  77.2434845
7  190.6780548  110.7231598  247.8312683  110.4263763
8  302.8087463  133.9337616  339.9194641  178.880661
9  162.7279968  276.4970398  152.7050171  248.9367065
10  151.0850067  36.12360764  244.672287  25.44586563
11  171.7740173  53.67162704  256.0083618  49.99362183
12  116.7895355  74.19098663  196.8202972  45.97808456
13  104.2023163  83.85998535  181.4200439  50.26084518
14  84.71365356  190.8507233  300.4017639  263.6835022
15  138.8526764  273.5761719  131.6974182  236.8515778
16  167.2081451  96.59983063  233.1238556  88.96112061
